0,310
0,305
0,308
0,307
0,302
0,304
0,303
0,12
0,569
0,10
0,8
0,0
0,546
0,426
0,300
0,524
0,425
0,299
0,499
0,424
0,298
0,498
0,423
0,297
0,500
0,422
0,296
0,497
0,421
0,295
0,495
0,420
0,294
0,494
0,419
0,293
0,493
0,418
0,292
0,492
0,417
0,291
0,491
0,416
0,290
0,523
0,415
0,289
0,522
0,414
0,288
0,521
0,413
0,287
0,520
0,412
0,286
0,519
0,411
0,285
0,489
0,410
0,284
0,488
0,409
0,283
0,490
0,407
0,282
0,487
0,406
0,281
0,486
0,405
0,280
0,485
0,404
0,279
0,484
0,403
0,278
0,483
0,402
0,277
0,482
0,401
0,276
0,545
0,400
0,275
0,518
0,399
0,274
0,517
0,398
0,273
0,516
0,397
0,272
0,515
0,396
0,271
0,544
0,395
0,270
0,543
0,394
0,269
0,555
0,393
0,268
0,563
0,392
0,267
0,480
0,391
0,266
0,479
0,390
0,265
0,481
0,389
0,264
0,571
0,388
0,263
0,477
0,387
0,262
0,476
0,386
0,261
0,475
0,385
0,260
0,474
0,384
0,259
0,473
0,383
0,258
0,542
0,382
0,257
0,554
0,381
0,256
0,553
0,380
0,255
0,556
0,379
0,254
0,566
0,378
0,253
0,471
0,377
0,252
0,470
0,376
0,251
0,472
0,375
0,250
0,469
0,374
0,249
0,468
0,373
0,248
0,467
0,372
0,247
0,466
0,371
0,246
0,465
0,370
0,245
0,464
0,369
0,244
0,552
0,368
0,242
0,541
0,367
0,241
0,560
0,366
0,240
0,562
0,365
1,2
2,2
3,0
3,2
3,3
0,570
235,3
230,3
230,1
225,3
187,0
187,3
175,0
175,3
195,0
195,1
212,0
212,1
166,0
166,1
163,0
163,1
164,3
164,1
210,3
210,1
172,3
165,0
165,3
177,0
177,3
201,0
201,1
214,0
214,1
223,0
223,1
174,0
174,1
198,3
198,1
219,3
219,1
178,3
207,0
207,3
191,0
191,3
204,0
204,3
179,0
179,1
185,0
185,1
233,0
233,1
188,3
188,1
238,3
238,1
167,3
167,1
228,3
221,0
221,3
180,0
180,3
217,0
217,1
192,0
192,1
189,0
189,1
189,3
192,3
217,3
180,1
221,1
228,1
228,0
167,0
238,0
188,0
233,3
185,3
179,3
204,1
191,1
207,1
178,1
178,0
219,0
198,0
174,3
223,3
214,3
201,3
177,1
165,1
172,1
172,0
210,0
164,0
163,3
166,3
212,3
195,3
175,1
187,1
225,1
225,0
230,0
235,0
3,1
2,5
1,1
0,478
0,428
0,427
1,3
0,243
1,0
2,1
2,4
2,3
2,0
0,9
0,239
0,559
0,364
0,238
0,363
0,237
0,540
0,362
0,236
0,551
0,361
0,235
0,539
0,360
0,234
0,462
0,359
0,233
0,461
0,358
0,232
0,463
0,357
0,231
0,460
0,356
0,230
0,459
0,355
0,229
0,458
0,354
0,228
0,457
0,353
0,227
0,456
0,352
0,226
0,455
0,351
0,225
0,538
0,350
0,224
0,537
0,349
0,223
0,536
0,348
0,222
0,535
0,347
0,221
0,534
0,346
0,220
0,453
0,345
0,219
0,533
0,452
0,218
0,454
0,344
0,217
0,451
0,343
0,216
0,450
0,342
0,215
0,449
0,341
0,214
0,448
0,447
0,213
0,446
0,445
0,212
0,444
0,340
0,211
0,532
0,339
0,210
0,531
0,338
0,209
0,443
0,337
0,208
0,442
0,336
0,207
0,530
0,335
0,206
0,529
0,441
0,205
0,528
0,334
0,204
0,440
0,333
0,203
0,439
0,332
0,202
0,513
0,331
0,201
0,512
0,438
0,200
0,514
0,437
0,199
0,511
0,330
0,198
0,436
0,329
0,197
0,435
0,328
0,196
0,510
0,327
0,195
0,509
0,434
0,194
0,508
0,433
0,193
0,527
0,326
0,192
0,550
0,325
0,63
0,549
0,324
0,62
0,558
0,323
0,61
0,557
0,432
0,60
0,431
0,321
0,59
0,548
0,320
0,58
0,430
0,319
0,57
0,507
0,318
0,56
0,506
0,505
0,55
0,504
0,429
0,54
0,503
0,317
0,53
0,502
0,316
0,52
0,501
0,315
0,51
0,547
0,314
0,50
0,568
0,313
0,49
0,565
0,312
0,48
0,564
0,311
0,47
0,567
0,309
0,46
0,526
0,306
0,45
0,525
0,301
0,6
0,5
0,1
0,11
0,4
0,2
0,3
0,7
